%YAML:1.0
---
K: !!opencv-matrix
   rows: 3
   cols: 3
   dt: d
   data: [ 3.6227962052608755e+03, 0., 1.5234655177344246e+03, 0.,
       3.6207807461247862e+03, 1.7232679002808261e+03, 0., 0., 1. ]
D: !!opencv-matrix
   rows: 1
   cols: 5
   dt: d
   data: [ -5.7225177578857457e-02, 1.8015572329697138e-02,
       4.9666207097480942e-03, -4.6051423009938570e-03,
       -1.7737527980714451e-01 ]
